10000
354
39
39
993
943
884
489
699
947
44
600
606
4
374
840
705
295
143
289
652
195
830
716
372
844
733
81
383
475
277
208
258
236
811
492
346
682
426
516
889
62
826
581
894
43
550
300
708
497
924
525
50
586
963
138
365
407
55
399
771
139
690
850
522
726
663
43
887
857
169
685
563
183
936
140
257
474
103
632
890
687
836
879
925
714
789
354
703
937
381
849
313
556
530
501
420
82
902
24
727
300
984
404
162
484
252
979
731
614
535
407
951
912
182
716
151
11
45
339
535
725
362
719
758
444
574
881
1
869
767
127
913
968
925
826
587
743
407
155
709
648
112
497
346
265
610
134
392
163
84
820
583
687
349
797
99
798
324
803
221
995
316
707
200
759
152
429
495
942
735
935
773
6
847
223
657
40
120
380
1
49
912
984
583
81
461
357
533
394
109
441
443
994
557
327
79
579
90
846
863
108
471
908
785
993
723
743
214
141
325
532
172
927
475
428
953
478
908
395
671
534
439
846
177
554
834
558
46
649
844
941
790
410
195
346
223
662
174
693
956
737
958
414
336
875
207
367
735
979
564
111
4
51
603
716
73
301
461
22
131
75
869
143
552
500
527
814
768
939
812
81
555
171
632
773
816
478
811
86
768
688
784
649
611
560
527
404
167
833
601
694
670
657
881
20
909
113
76
29
138
2
403
429
781
115
849
700
719
767
306
645
121
431
477
78
124
958
876
195
368
1
408
452
332
953
21
111
661
908
633
972
182
903
94
161
122
981
256
305
91
407
312
832
775
724
431
631
938
173
401
816
210
439
402
867
390
595
276
5
451
564
622
249
207
450
894
249
653
574
159
638
314
137
595
368
553
995
878
188
674
169
547
203
837
352
111
260
248
850
135
669
827
124
792
699
575
325
398
99
150
3
275
860
757
455
852
362
299
50
320
12
889
195
305
522
250
542
948
992
212
435
515
28
538
590
164
255
531
468
767
699
461
835
748
672
673
561
753
12
311
798
598
734
42
286
313
430
800
693
348
18
522
577
914
792
100
768
230
55
296
696
954
7
128
504
401
982
352
543
235
562
19
218
215
592
701
12
208
596
933
903
153
681
615
335
838
541
593
364
397
804
404
585
182
594
245
969
251
829
516
814
35
506
921
577
905
908
8
484
230
463
176
467
242
760
662
151
456
46
722
326
682
381
283
591
671
532
588
619
263
558
971
806
485
39
755
904
457
831
390
600
75
270
391
909
419
772
331
675
521
853
120
440
661
701
99
429
617
541
974
431
361
242
508
899
549
766
938
703
783
322
521
547
996
316
258
262
543
513
819
823
533
113
907
177
666
825
837
699
419
377
884
378
686
353
48
621
117
653
242
932
244
384
534
556
155
475
24
603
915
862
124
88
155
658
491
781
227
322
643
760
154
475
329
88
106
687
46
78
542
229
727
214
216
552
483
896
228
965
495
834
910
826
569
111
876
330
626
624
772
876
407
857
308
841
970
744
975
537
137
644
428
47
919
313
915
626
54
132
257
364
278
714
860
838
577
488
929
565
720
790
572
151
603
498
754
190
484
252
138
113
38
902
677
379
243
849
466
658
530
622
750
875
277
142
190
306
694
834
454
214
386
929
938
895
372
77
976
344
186
638
194
219
694
831
771
179
703
270
226
187
996
267
35
846
430
690
801
408
867
102
913
632
250
344
666
309
864
755
548
868
890
712
4
172
683
245
318
280
813
73
354
722
811
516
866
534
711
382
703
144
964
138
756
996
9
340
734
647
821
581
862
964
36
973
449
977
857
481
839
854
777
272
635
483
310
613
270
120
366
729
898
630
551
504
335
895
732
820
248
85
414
871
106
612
51
765
438
750
252
336
809
111
918
118
546
379
773
101
651
982
409
11
518
650
916
532
70
151
420
126
640
828
332
831
492
962
971
686
168
390
229
259
946
255
365
66
583
248
633
572
145
203
364
809
204
449
344
644
864
902
806
135
111
469
119
437
730
975
309
245
632
501
875
785
755
690
975
3
829
343
939
666
222
345
261
786
741
784
639
914
768
930
419
604
332
602
758
559
760
317
170
768
381
567
656
229
311
472
519
706
775
63
69
325
535
461
875
721
943
221
901
881
894
241
882
767
383
681
512
335
727
496
623
557
526
375
313
620
305
13
113
574
395
944
691
291
26
364
223
790
789
683
551
610
584
893
471
174
958
129
6
800
208
258
319
295
4
683
12
890
332
36
896
586
461
890
974
860
280
142
304
98
799
250
601
10
822
74
921
793
806
703
568
760
693
226
355
705
83
151
746
315
432
779
962
531
122
658
50
883
122
927
95
464
677
200
183
396
898
436
482
349
426
97
815
922
308
793
396
459
121
505
980
200
877
449
541
470
717
598
730
11
474
908
793
449
188
316
323
300
329
667
220
921
17
811
488
261
796
262
43
330
575
968
553
822
215
926
428
461
853
635
459
206
456
601
305
641
296
427
961
537
15
326
581
786
676
253
543
658
743
241
449
602
260
927
829
612
557
717
668
524
725
503
534
481
739
363
997
187
545
209
232
518
663
919
189
514
835
105
482
765
55
278
190
731
859
857
92
601
119
159
479
867
683
234
562
912
147
161
684
575
696
231
984
814
447
230
904
316
970
933
945
138
687
762
380
245
680
497
200
104
10
876
441
349
58
890
174
879
510
588
873
665
605
256
559
967
922
899
131
631
535
44
545
610
621
56
42
906
664
270
481
657
276
482
921
204
231
552
987
574
768
126
256
972
365
785
809
556
194
249
371
978
169
598
954
918
89
893
723
117
648
955
885
209
185
532
756
8
957
551
814
747
319
668
455
200
683
858
380
511
330
371
30
49
133
970
243
579
59
17
368
577
868
614
381
561
771
731
183
903
932
957
127
713
626
282
13
23
515
99
229
673
27
446
471
49
14
359
465
14
953
73
430
192
723
758
609
50
620
383
21
61
617
313
771
596
68
228
637
114
953
16
401
612
523
330
325
300
666
646
493
927
631
752
244
225
781
779
776
491
915
102
100
408
310
619
921
835
43
223
696
433
356
548
55
685
766
379
41
75
409
511
110
930
617
178
646
714
38
614
810
366
723
757
940
594
463
569
300
932
319
961
957
755
734
864
735
356
826
530
695
702
475
785
343
416
575
554
834
119
426
674
755
259
534
686
688
207
261
37
635
457
639
876
582
454
384
408
899
754
564
631
47
901
702
67
49
692
38
51
495
234
576
12
423
548
55
140
290
252
434
811
374
292
571
160
373
535
769
202
688
489
541
18
842
387
483
580
755
345
386
950
167
346
820
752
292
341
246
997
931
861
337
579
643
141
613
31
259
917
658
386
955
716
189
345
368
706
963
284
742
878
71
34
861
638
457
756
657
667
612
707
706
269
265
162
464
272
541
249
48
961
504
25
536
445
221
663
265
336
482
236
385
579
99
230
925
848
256
549
28
911
742
505
559
34
27
4
210
526
20
880
412
259
83
150
777
110
300
749
575
29
272
199
736
651
752
500
166
177
217
492
781
507
103
856
458
501
767
903
322
560
447
316
133
661
374
57
307
378
953
687
52
406
406
503
364
584
569
981
218
445
582
206
54
871
71
168
831
528
34
999
270
356
59
540
598
560
694
858
64
214
735
693
712
805
992
156
442
787
574
380
156
500
90
243
901
595
233
737
240
453
107
8
762
965
286
642
542
422
80
276
567
195
644
198
649
368
620
204
81
456
753
613
369
874
487
10
688
882
918
960
316
313
561
708
210
514
350
587
36
570
928
695
441
71
787
177
79
394
58
341
920
708
778
699
676
689
287
939
744
234
988
783
941
316
93
674
440
452
121
233
738
216
872
455
193
582
296
723
653
929
197
769
962
952
990
899
695
816
777
916
260
395
883
406
673
557
589
264
652
54
216
591
381
742
918
402
237
521
490
883
10
612
252
311
660
515
623
108
459
282
279
947
439
534
908
242
434
993
451
854
636
171
356
351
516
234
831
684
163
45
291
733
584
771
201
766
254
522
284
498
286
927
658
86
894
685
771
112
435
659
162
322
231
229
964
641
507
263
764
803
269
238
893
707
659
765
488
526
359
17
677
409
899
311
79
604
297
439
376
709
357
136
110
785
37
486
22
48
776
918
148
907
329
929
672
180
673
580
965
430
803
341
584
490
790
871
19
415
283
877
862
294
785
277
662
584
378
525
168
881
292
86
819
342
623
752
352
291
777
675
92
880
709
760
91
91
840
330
522
747
593
764
894
656
887
171
481
521
514
10
54
692
316
988
408
450
205
460
421
26
638
75
379
197
838
339
66
907
188
352
712
65
479
983
201
313
343
364
98
339
102
689
947
38
394
958
970
613
435
489
799
549
495
716
85
233
171
66
886
863
350
450
547
245
348
226
368
965
529
332
737
465
909
637
578
503
601
478
869
555
745
771
746
776
468
42
163
232
750
233
414
264
584
142
833
995
666
930
875
202
945
196
381
988
771
766
249
957
34
457
916
887
671
797
33
207
108
844
459
941
762
56
228
180
510
363
477
531
107
469
387
456
897
695
98
899
809
568
185
81
554
766
745
909
124
932
356
5
206
363
155
966
876
557
100
91
978
116
2
494
949
591
296
203
424
404
609
576
890
124
133
128
780
18
455
650
912
977
998
325
849
627
466
388
832
685
717
777
187
381
301
130
726
103
506
421
487
204
110
516
335
347
219
940
332
602
486
175
520
984
747
894
725
51
588
619
277
695
667
461
52
278
648
709
127
817
480
292
390
4
345
326
887
489
46
219
325
965
760
128
129
318
61
836
678
278
892
517
850
772
660
200
823
464
956
196
147
730
524
156
469
707
925
951
918
889
53
38
109
144
59
528
895
972
480
758
515
276
374
740
522
911
10
527
951
799
287
179
482
469
331
715
15
432
902
167
893
975
110
610
268
547
662
822
470
127
297
73
59
683
344
362
181
35
359
340
209
250
608
37
184
976
769
488
460
983
586
312
82
515
375
307
857
986
230
179
779
970
467
581
459
401
382
731
469
381
656
47
60
45
803
365
556
448
922
515
809
571
621
270
522
117
397
920
899
962
934
40
40
756
772
300
741
438
527
578
869
117
387
957
273
87
930
649
303
526
378
311
312
778
304
711
226
981
466
185
126
191
846
912
45
119
244
542
619
9
725
382
42
224
48
921
792
605
732
184
931
729
772
69
405
785
155
572
650
899
216
541
975
394
568
422
679
640
819
246
543
875
526
974
416
620
875
221
856
66
391
250
399
150
576
116
886
832
742
796
402
507
480
150
829
322
116
611
696
654
261
551
13
939
33
402
20
534
822
717
365
329
542
534
15
387
134
614
343
948
748
313
202
786
390
166
508
42
56
481
747
322
322
633
130
95
91
41
570
135
788
234
497
52
528
805
586
737
960
518
839
912
296
282
100
813
730
247
17
471
889
796
646
937
158
778
401
314
742
951
810
407
92
205
581
353
912
832
819
633
272
778
842
478
517
568
931
760
539
326
537
152
678
126
903
490
997
712
798
999
914
488
96
276
207
566
211
712
233
563
970
329
782
794
403
843
375
483
29
147
965
622
668
293
940
149
495
486
49
183
61
572
372
167
235
981
730
891
614
133
17
542
741
843
740
118
590
366
734
771
194
343
363
914
920
46
774
196
889
4
675
787
254
321
911
768
567
707
615
788
272
549
33
587
433
144
223
410
166
540
682
841
896
317
653
52
461
37
248
50
319
11
800
50
574
498
806
702
310
457
646
541
786
479
807
707
344
590
671
643
522
208
105
255
742
636
919
724
105
155
32
992
308
928
579
754
399
658
504
615
140
178
171
999
996
934
372
281
417
617
683
554
855
38
500
461
187
722
263
476
561
577
280
104
444
441
313
518
604
257
575
252
29
138
72
719
350
579
288
477
141
677
51
350
602
238
55
779
495
346
907
975
920
53
767
810
406
564
611
627
107
499
904
568
336
551
998
359
519
135
890
927
701
425
55
664
115
526
965
637
952
385
545
528
401
440
270
677
233
955
808
110
680
424
138
87
139
456
840
316
269
39
804
647
375
162
1
755
601
354
5
56
327
818
947
847
347
482
202
466
854
478
627
71
4
259
387
511
826
838
459
621
579
350
705
213
185
519
11
965
292
373
353
387
583
981
810
67
462
843
499
423
861
16
100
266
975
12
164
583
929
6
665
79
3
907
321
183
798
397
64
422
883
156
658
293
842
66
863
11
308
390
749
834
532
536
724
934
256
312
583
196
210
223
442
661
298
736
696
767
671
157
283
995
211
165
363
986
594
873
216
709
51
721
581
817
104
402
885
873
89
509
809
754
3
576
427
145
283
708
700
754
456
56
480
497
184
972
276
713
162
807
964
160
447
955
292
373
303
936
516
776
345
17
750
780
796
104
639
10
964
444
784
682
643
936
940
139
963
731
391
492
408
136
42
355
89
756
739
685
112
235
18
799
833
906
5
781
69
176
453
573
898
474
989
264
466
164
469
236
393
894
962
93
703
487
324
539
904
623
465
662
801
233
420
403
852
753
59
353
384
115
829
385
812
646
210
56
47
820
674
159
682
181
818
280
133
597
976
729
888
415
90
739
197
15
797
421
3
729
732
546
717
74
792
872
472
777
697
385
801
132
514
539
334
803
943
290
960
317
63
479
106
137
938
926
211
377
934
396
237
950
873
471
48
163
156
222
802
569
820
517
79
172
80
725
327
929
288
574
342
859
394
901
931
973
925
103
610
646
241
156
168
68
307
163
198
823
505
534
249
758
75
84
71
786
641
482
546
406
851
778
285
302
631
926
541
565
692
572
46
739
919
645
622
118
32
687
914
455
415
203
405
526
344
754
956
788
933
950
463
730
991
979
862
337
639
825
657
550
989
849
325
477
374
998
449
612
663
505
208
295
940
567
872
157
403
157
300
398
699
844
66
265
3
173
671
273
87
974
542
337
307
718
934
147
882
876
572
883
131
81
944
536
330
792
381
945
680
55
707
927
478
914
43
711
940
8
547
286
305
868
240
141
765
525
816
321
505
41
299
679
628
743
671
710
16
21
163
350
266
763
714
720
645
643
209
827
683
769
529
919
381
393
70
270
239
726
395
913
255
186
874
11
802
792
715
310
835
762
563
406
171
828
947
340
702
204
190
399
260
616
64
834
517
339
370
648
752
686
846
497
510
16
286
245
207
868
514
669
505
528
910
376
837
948
515
11
820
664
350
458
422
68
476
814
632
165
490
605
102
729
625
868
677
573
322
447
995
551
204
83
357
730
635
663
890
143
662
304
623
437
976
755
461
734
672
13
213
22
36
906
749
430
240
856
111
821
874
978
866
230
455
186
310
822
639
966
157
183
667
73
234
991
704
473
282
308
110
455
416
13
359
34
948
169
275
389
275
467
494
340
261
209
563
583
97
686
914
684
919
255
991
651
564
797
205
204
726
796
5
790
424
711
304
723
134
923
670
810
160
50
202
268
810
66
781
716
748
280
406
580
421
891
678
279
848
539
109
165
136
2
795
289
42
929
201
735
554
321
236
435
947
262
537
78
30
270
909
0
310
525
135
679
632
138
4
802
440
564
193
667
186
269
851
98
557
733
104
903
149
935
437
371
921
529
869
259
267
32
129
189
832
450
567
434
252
982
377
603
851
587
806
839
946
460
440
742
834
711
292
400
694
831
413
575
640
845
947
319
896
423
95
12
587
579
227
128
974
19
485
795
37
645
553
593
208
192
936
870
675
488
5
282
175
367
251
174
346
842
712
879
765
731
267
41
552
578
570
534
988
380
698
657
945
303
222
845
51
326
282
258
414
491
441
266
428
241
515
20
634
130
348
19
895
72
500
820
136
144
98
818
744
904
714
321
294
106
969
986
669
698
703
63
778
972
999
760
19
787
13
512
362
865
590
871
419
250
879
243
156
147
729
704
960
558
462
715
624
283
746
603
440
108
667
322
982
267
770
150
381
525
830
654
822
588
278
467
788
867
806
175
65
19
413
871
878
114
247
749
582
703
984
444
245
552
95
700
86
316
283
328
194
957
595
369
150
298
162
828
209
687
341
335
431
401
6
620
776
68
155
751
459
77
519
641
41
710
828
496
596
432
496
477
22
618
9
66
994
780
964
316
344
238
780
414
661
30
379
775
724
814
697
161
987
413
779
181
684
678
333
890
318
312
40
102
197
368
621
449
426
192
673
220
258
683
504
457
982
883
796
842
598
69
712
465
374
721
208
622
998
959
671
448
457
310
711
312
949
947
847
582
111
885
109
610
616
922
55
486
670
566
524
417
332
543
517
385
594
966
952
66
96
693
703
869
974
946
217
353
794
768
251
205
721
487
728
426
122
956
479
378
520
959
706
841
430
865
300
317
929
272
788
376
952
145
556
987
186
682
166
391
165
966
64
293
596
233
672
822
226
496
911
988
583
105
478
111
726
750
779
21
761
376
304
649
225
437
331
24
619
930
312
542
299
695
960
875
665
538
81
766
63
827
413
529
136
355
335
34
391
429
94
557
606
334
329
934
325
541
72
88
109
323
48
155
367
680
84
91
607
835
645
879
649
911
58
194
913
753
754
635
193
319
958
477
409
471
615
198
739
505
969
927
158
231
150
346
859
8
320
511
268
648
412
534
332
756
272
35
584
686
57
815
4
941
61
259
82
591
769
554
599
944
827
929
534
528
768
777
220
183
821
695
323
920
840
198
486
19
415
87
479
768
532
256
560
103
711
998
295
426
430
723
505
776
773
370
124
605
669
691
729
418
780
9
198
597
108
26
456
872
624
744
567
987
802
583
470
314
742
347
516
342
702
757
597
202
222
919
37
644
733
194
640
186
456
687
224
456
666
711
754
108
893
388
685
94
438
766
476
460
658
698
301
294
835
11
873
947
86
387
955
126
695
785
558
18
449
143
65
179
47
573
510
503
418
260
12
246
836
779
957
727
34
631
831
27
155
358
766
743
237
730
739
605
136
142
78
550
221
539
372
690
914
906
162
428
176
591
802
894
325
509
694
774
166
591
708
534
244
661
958
64
219
297
278
718
730
149
668
819
876
594
704
727
376
573
406
707
766
973
355
932
544
910
874
156
968
837
990
759
373
493
457
112
209
331
592
459
732
184
801
815
179
649
691
677
534
849
393
729
499
991
250
79
55
416
352
996
126
621
482
549
177
107
917
51
231
723
187
688
728
646
339
275
833
982
451
648
295
518
171
806
726
92
820
530
211
589
158
908
493
636
280
860
595
654
207
496
616
13
654
903
621
741
168
733
3
368
251
808
420
218
387
787
435
718
879
839
279
34
255
170
740
696
556
210
42
655
235
244
714
635
526
254
880
513
83
817
92
897
428
953
836
33
228
915
80
675
702
69
802
556
550
147
255
680
598
386
842
720
19
262
857
426
377
810
30
125
918
798
763
33
548
345
189
339
620
939
673
765
249
176
221
560
152
965
295
718
104
393
913
515
6
920
570
371
173
78
394
394
934
386
214
931
826
786
647
900
676
474
117
658
648
656
743
718
880
431
380
628
722
663
692
986
646
481
32
608
881
765
90
570
447
780
703
999
785
951
962
210
389
610
798
22
914
434
458
868
24
208
950
611
834
505
318
828
211
830
792
676
315
798
273
370
721
962
321
710
179
962
770
91
577
777
415
893
937
5
706
176
349
238
257
180
602
815
65
199
868
465
725
18
243
591
626
261
91
251
20
668
152
221
149
536
87
849
74
307
700
830
698
543
360
413
518
358
256
21
16
699
0
729
250
729
736
559
103
990
356
96
884
920
654
489
424
804
231
508
620
172
764
971
384
258
807
501
314
109
636
298
2
582
777
296
785
563
773
885
927
368
406
124
653
522
109
214
224
762
490
856
227
396
988
987
568
912
442
315
240
29
976
11
776
231
977
907
468
175
92
541
828
302
111
440
502
348
326
108
787
486
458
269
231
262
516
76
279
548
34
138
804
289
952
428
449
872
57
355
108
633
296
547
538
76
451
175
58
156
669
982
513
100
37
515
222
54
996
464
389
75
622
397
575
813
966
671
164
551
476
722
406
157
198
495
534
886
902
281
681
903
464
818
775
873
884
110
377
934
60
47
478
920
26
583
584
729
690
917
35
348
264
860
414
132
434
311
33
618
68
582
988
305
674
104
969
563
108
928
47
67
57
286
958
937
606
425
973
48
854
857
321
848
845
130
244
347
306
273
230
883
567
69
622
653
806
411
825
13
217
64
599
998
20
343
436
566
271
316
896
606
285
398
857
862
109
388
34
508
889
277
800
301
163
452
281
876
81
218
958
995
311
941
496
276
904
478
335
238
736
980
665
254
200
617
741
396
729
216
159
977
384
355
630
29
150
952
992
856
847
999
677
304
531
675
636
331
58
686
759
31
34
398
152
292
743
963
257
871
738
414
689
784
720
442
823
545
988
354
635
985
243
547
38
104
756
679
944
602
951
594
617
583
270
983
437
162
778
716
61
593
347
727
109
871
405
388
932
681
182
302
716
989
116
553
153
522
547
531
200
909
157
596
983
242
636
999
709
385
928
687
607
470
17
839
270
593
629
232
461
907
422
849
394
981
185
436
741
492
343
76
135
83
572
250
723
478
663
235
414
748
862
175
833
987
777
600
613
473
618
710
602
857
961
253
751
782
458
424
938
851
912
795
761
839
901
917
355
538
735
929
655
745
840
167
87
420
804
520
620
201
237
31
232
118
252
24
323
479
893
881
352
685
40
407
961
902
381
653
175
356
846
940
841
264
499
797
310
310
235
497
534
885
839
885
153
258
833
225
869
245
317
884
366
919
484
735
326
388
758
352
617
705
610
172
588
524
896
47
469
180
243
806
316
549
372
715
590
110
456
19
398
396
589
58
696
167
163
816
241
421
518
136
879
611
515
244
866
266
796
702
229
508
357
333
859
890
726
232
927
304
476
462
440
707
16
649
196
824
610
259
222
17
361
995
784
5
439
415
400
191
214
552
896
943
34
62
449
275
342
182
710
50
481
560
577
975
15
859
912
410
662
854
504
207
928
683
905
631
403
759
319
648
202
853
588
774
480
810
479
991
61
360
878
167
178
559
211
836
36
418
393
167
410
439
877
413
785
857
928
206
583
581
55
573
892
20
667
658
721
208
407
750
226
883
268
369
527
494
592
823
715
419
239
903
395
3
772
71
641
468
272
824
567
98
493
675
785
593
427
577
924
945
972
437
34
697
350
796
121
993
90
682
301
396
914
86
54
51
601
515
835
404
956
615
865
357
370
878
289
431
13
69
970
245
654
109
144
353
223
795
826
315
721
937
314
650
797
188
417
212
339
93
54
380
722
652
667
407
926
8
515
173
614
693
273
606
386
254
523
18
860
955
660
656
922
700
460
833
487
283
50
100
366
551
321
83
396
109
852
728
801
731
308
939
882
746
852
786
514
282
550
744
597
385
927
695
574
737
799
771
364
887
257
425
551
655
214
558
511
666
248
896
185
742
547
285
623
238
654
38
15
281
371
982
880
250
604
389
277
783
161
550
389
58
519
353
590
67
346
855
173
168
138
510
218
204
676
405
719
110
124
593
950
21
502
354
256
552
972
22
875
101
805
839
164
735
198
116
592
473
95
919
181
531
21
366
641
435
501
590
315
701
24
399
185
198
676
661
617
163
500
506
227
298
341
473
233
339
477
872
916
957
579
729
394
901
621
877
692
847
225
927
247
471
508
102
345
940
953
159
692
103
981
924
239
389
890
281
642
612
562
817
259
628
884
693
348
61
145
746
258
136
742
254
721
970
443
286
33
556
65
69
794
79
913
331
129
110
503
164
744
716
122
543
993
496
543
288
127
84
790
893
272
718
175
368
248
55
977
956
285
538
26
347
807
263
134
803
958
481
821
424
251
573
989
650
749
597
261
951
480
247
506
622
366
421
664
474
822
366
364
272
289
811
977
697
434
324
705
729
402
618
996
348
544
466
106
606
259
370
894
224
185
185
0
47
767
418
411
894
348
39
31
537
341
235
296
843
688
712
47
366
779
802
851
30
227
879
719
859
437
284
677
139
677
295
1
766
449
422
967
16
329
678
906
433
58
355
946
41
637
189
320
633
317
786
300
453
931
592
826
193
721
710
702
867
904
400
760
780
531
118
772
501
791
577
982
500
845
401
76
847
394
612
60
159
687
362
6
820
374
28
872
342
657
51
641
606
456
649
818
671
924
857
945
737
467
187
143
880
599
543
880
135
364
966
62
581
770
172
303
132
663
847
697
849
737
118
731
721
926
681
9
19
238
592
324
545
227
837
233
297
678
388
692
361
734
642
514
92
685
776
358
14
848
790
730
179
486
752
995
139
532
27
718
80
921
66
758
127
757
702
378
294
108
732
344
83
218
977
379
241
65
961
587
799
734
772
439
74
798
705
723
988
981
770
397
706
668
250
646
276
490
27
559
716
48
561
766
722
50
27
32
977
577
306
317
855
930
233
21
167
523
761
199
491
592
452
315
519
64
35
724
830
791
591
431
450
500
304
841
587
225
607
142
950
700
995
705
162
161
723
355
844
306
115
678
105
664
229
571
332
487
166
109
371
380
432
393
407
271
331
502
133
997
569
804
56
747
883
901
145
816
757
194
350
671
2
613
914
89
281
356
825
255
434
589
183
20
811
914
757
186
705
91
483
615
335
926
237
141
807
464
750
762
902
614
152
358
564
134
271
224
469
454
464
28
111
160
458
444
438
100
416
551
183
959
192
324
679
863
529
940
148
26
774
393
125
707
548
915
985
774
690
10
240
6
680
455
643
819
744
534
938
518
780
861
468
316
267
603
762
296
360
610
648
208
445
939
389
530
531
528
863
450
984
337
786
521
282
73
585
601
655
756
572
264
714
765
709
339
429
659
410
370
94
49
472
783
250
21
495
303
892
111
836
684
662
666
451
129
142
460
790
872
821
839
203
288
780
279
253
520
632
171
648
80
835
862
521
94
15
457
177
848
590
645
457
87
566
894
388
91
106
631
847
869
97
703
524
965
730
243
642
268
830
284
483
896
469
888
997
718
235
316
449
294
352
760
323
83
765
472
466
563
176
689
772
487
10
643
518
912
238
38
870
766
993
849
937
658
967
968
214
381
647
227
198
18
544
578
449
889
697
776
429
599
927
724
945
322
469
760
186
65
885
546
880
70
374
920
325
700
929
977
663
120
70
930
27
842
271
792
895
738
559
724
298
410
184
963
298
959
718
636
510
995
393
361
317
464
24
496
793
240
383
94
327
703
473
87
354
483
746
13
639
362
948
641
37
879
941
167
752
514
537
274
678
484
115
251
526
58
561
511
95
11
835
327
239
292
312
332
755
241
894
347
708
717
756
384
451
312
539
284
910
424
700
270
551
344
765
873
806
647
184
81
630
146
562
286
304
357
105
583
555
956
216
239
549
961
309
703
350
450
80
345
991
483
677
248
384
486
410
731
912
809
944
998
719
311
165
213
354
842
262
591
679
196
900
556
658
678
758
862
952
731
112
617
22
139
588
540
792
248
696
390
800
257
254
467
141
89
365
249
468
580
165
751
743
705
176
926
456
364
722
510
544
793
541
0
272
26
410
117
976
958
343
936
634
446
662
106
917
615
48
963
532
958
496
154
397
104
933
324
413
144
180
794
383
236
809
676
946
763
425
768
189
761
873
692
36
421
863
185
334
458
569
127
50
833
817
896
925
830
576
908
424
759
612
731
863
631
317
10
118
985
930
533
455
689
600
175
585
922
968
123
238
754
292
736
216
693
398
631
85
338
136
107
440
787
390
825
911
778
96
698
925
639
190
381
540
981
862
310
566
736
21
226
558
593
396
288
218
79
297
376
208
546
631
961
337
123
419
934
654
215
731
168
0
524
639
145
173
656
512
895
979
299
763
684
91
652
916
302
808
243
690
572
536
529
677
700
44
708
32
390
320
976
535
229
166
77
336
696
513
333
643
306
781
549
653
813
536
75
46
100
111
68
447
383
825
467
348
588
924
503
127
366
397
602
968
968
368
415
672
380
871
302
586
466
392
28
127
547
773
612
682
825
693
231
964
254
184
842
285
9
393
720
563
496
41
396
314
903
869
628
319
696
677
848
135
52
444
237
125
185
399
999
226
719
870
616
242
720
171
883
59
801
799
297
798
739
733
936
601
381
681
315
436
227
705
818
38
959
784
234
849
379
505
595
627
645
275
985
213
457
139
262
779
843
549
627
783
502
185
832
776
226
258
376
126
817
536
447
731
13
723
491
782
381
714
261
684
863
669
887
325
589
830
43
953
897
484
537
102
5
500
732
126
640
436
50
136
11
282
425
322
929
537
995
956
535
458
500
592
55
5
825
363
246
219
873
599
687
504
509
364
901
575
587
953
353
616
209
812
725
556
221
829
529
221
597
471
19
516
836
739
599
744
672
536
368
609
436
604
243
446
168
846
142
762
154
495
20
206
895
305
184
689
653
662
196
484
621
253
840
789
449
755
90
415
337
801
757
978
141
338
485
208
999
384
101
773
758
98
874
309
109
25
99
201
711
362
594
7
713
79
76
340
61
810
121
430
675
444
391
570
74
507
58
127
332
511
935
840
298
641
620
664
855
343
99
522
626
583
625
938
941
842
369
669
66
161
300
147
659
910
971
741
192
273
424
601
565
856
208
117
511
210
591
827
427
545
412
960
193
330
641
647
155
63
671
251
915
952
532
184
790
880
734
56
770
606
193
971
646
777
754
342
473
17
142
618
948
38
794
922
340
443
909
726
580
663
232
316
755
256
537
985
763
601
502
631
98
899
714
642
794
261
802
745
367
576
303
805
165
806
712
382
954
332
318
239
676
978
848
879
303
382
627
626
384
465
992
729
423
826
910
462
485
58
338
200
483
122
675
43
484
107
772
602
946
964
348
222
239
22
350
25
988
415
732
886
732
839
372
605
153
453
367
345
671
79
726
636
483
290
584
62
262
435
404
103
577
96
275
436
750
11
352
443
331
16
671
559
577
143
63
598
297
602
667
150
264
33
575
693
906
32
475
109
348
718
786
882
29
762
635
371
981
121
239
202
582
473
679
14
44
179
798
481
161
455
981
806
861
320
859
631
930
794
566
630
870
779
31
883
222
10
939
488
847
512
415
790
596
995
182
11
526
711
926
50
300
417
898
686
719
174
284
484
377
936
746
215
279
30
614
717
892
882
630
729
508
590
793
391
979
260
818
766
853
295
970
973
708
229
520
236
988
53
905
471
977
405
721
783
636
438
54
631
906
654
300
262
722
525
537
420
460
217
714
261
704
355
427
881
270
325
793
849
185
282
997
650
871
662
420
20
155
718
845
729
837
323
148
488
446
19
60
307
532
130
11
808
271
514
832
718
453
443
96
993
922
942
169
827
373
847
640
70
988
796
635
440
783
334
693
284
691
319
263
524
334
874
635
867
180
173
56
329
255
487
79
582
883
15
737
713
979
210
944
472
270
507
660
239
443
575
736
511
622
489
30
870
783
489
327
104
648
341
866
311
401
636
749
610
53
773
339
329
624
779
815
347
408
551
418
618
430
606
574
761
914
920
970
7
960
974
911
707
904
714
730
104
790
703
806
20
195
421
804
669
194
286
52
841
619
701
610
301
852
148
457
361
349
102
410
234
743
334
823
947
852
0
870
335
191
749
231
832
577
988
270
601
281
335
422
808
722
249
309
718
124
816
305
620
675
640
642
526
690
881
884
998
986
504
573
418
186
939
121
522
951
468
552
25
193
829
555
752
177
718
401
725
46
104
668
333
704
516
411
814
176
777
323
992
554
954
741
393
372
657
781
641
777
214
762
286
213
643
100
15
375
812
257
571
123
623
937
532
667
611
659
518
771
839
56
338
976
581
701
21
802
863
55
701
706
576
173
824
111
545
117
213
179
619
672
118
133
585
806
485
813
469
522
328
880
580
204
285
506
447
257
135
687
702
916
292
303
795
342
85
896
369
733
928
714
70
39
314
951
537
985
949
267
315
570
234
622
510
871
732
148
24
998
227
335
371
302
461
25
146
475
679
831
437
38
647
406
638
781
909
621
349
163
670
129
320
301
815
966
684
170
296
823
26
855
296
354
222
203
340
451
325
48
784
688
237
234
943
272
296
36
427
675
446
217
134
825
117
881
765
117
499
494
622
780
485
902
945
94
125
998
19
758
96
669
805
260
338
35
924
461
716
580
383
707
298
674
567
713
570
145
678
143
742
41
949
265
79
416
723
347
81
44
675
449
178
206
283
116
568
319
914
44
731
17
756
190
150
427
189
936
791
832
79
867
889
591
922
434
718
181
717
288
78
508
944
330
389
145
49
613
438
24
394
54
30
201
708
553
12
693
711
520
403
82
707
995
651
528
656
519
364
45
405
677
205
460
552
737
37
215
634
153
809
298
191
774
120
922
553
498
890
225
90
731
59
180
49
501
773
115
48
241
116
721
742
301
9
203
185
15
563
253
922
691
821
899
914
281
525
834
975
571
277
776
526
675
209
545
117
264
81
18
343
477
537
850
510
674
108
866
622
245
430
325
65
499
62
846
647
231
242
639
501
988
881
810
716
152
115
978
485
947
781
82
947
176
235
301
910
978
51
240
103
221
265
90
630
166
992
316
883
905
446
512
218
701
617
464
355
756
120
154
571
134
7
355
487
521
689
729
410
265
428
860
962
678
255
421
16
866
617
795
714
494
441
788
747
722
841
759
883
232
161
363
166
713
616
358
131
346
332
378
834
901
228
347
500
769
782
274
104
859
411
474
271
641
868
889
457
693
829
62
492
76
540
503
219
508
240
618
144
801
874
143
715
262
453
995
110
793
320
804
168
256
486
905
409
232
157
504
937
710
524
801
371
384
936
327
869
166
581
434
707
267
890
867
880
679
978
604
655
175
571
732
33
24
20
893
651
433
229
22
717
391
510
421
213
963
677
932
727
290
961
907
979
520
640
904
305
636
659
570
92
688
863
968
477
245
928
652
370
983
456
212
239
198
253
602
960
674
249
507
405
820
116
212
410
147
155
920
199
218
693
221
350
934
789
475
895
626
782
199
231
735
859
154
71
10
587
718
808
43
72
318
304
669
247
121
303
212
561
953
360
804
233
404
455
73
96
388
201
259
987
7
882
441
566
416
383
942
447
548
456
106
508
961
643
609
320
783
630
167
663
714
758
13
243
322
905
798
829
384
988
627
202
903
886
798
513
492
663
420
855
241
610
519
134
849
740
399
608
740
96
23
769
145
391
904
611
620
298
561
723
297
934
863
17
218
914
732
402
474
687
497
155
523
728
904
253
954
548
175
493
210
449
760
772
224
371
420
511
724
208
56
845
989
460
262
868
185
183
943
902
992
742
427
501
165
28
455
666
807
433
78
514
606
46
995
482
23
274
84
8
425
307
941
483
467
638
36
218
589
146
695
102
384
90
490
588
690
735
790
686
733
209
144
660
311
667
896
198
10
731
945
924
721
745
819
289
251
343
325
976
670
424
850
221
137
694
54
640
337
580
54
402
352
420
432
927
705
575
346
541
607
276
776
946
896
777
465
673
992
670
454
167
265
2
167
556
560
183
908
646
275
558
269
203
314
871
411
105
436
836
361
537
995
439
519
985
864
634
301
439
342
582
444
862
215
663
834
688
720
73
822
844
58
920
942
535
300
411
594
834
948
874
752
937
171
92
983
788
753
654
127
684
69
821
771
345
10
680
263
937
619
239
377
456
346
433
909
926
260
965
420
900
251
292
40
804
250
40
785
800
742
654
96
931
428
66
372
537
688
751
129
66
626
631
30
674
860
872
447
247
907
818
389
778
951
930
624
341
25
871
555
270
147
559
944
529
778
338
904
672
989
188
656
235
158
246
441
896
596
780
620
233
462
142
445
439
520
183
194
964
769
48
374
614
762
276
465
289
449
660
257
215
748
357
166
202
610
349
40
211
290
461
884
245
647
786
611
388
821
562
396
640
296
253
475
28
440
822
239
378
864
962
308
38
550
366
859
783
537
939
849
133
123
237
939
290
925
301
871
969
883
505
747
458
258
983
189
342
934
697
611
460
903
239
932
843
627
3
860
552
83
472
554
587
691
945
831
286
996
227
306
909
928
447
801
465
710
395
138
135
983
513
919
86
521
957
261
833
6
926
505
795
662
829
827
148
212
688
307
580
541
623
475
119
641
128
564
738
910
399
686
95
648
868
968
340
621
714
191
636
912
99
884
716
888
535
897
518
986
842
414
714
212
849
53
737
696
158
155
722
375
5
632
628
901
473
760
725
167
141
144
478
414
481
631
891
760
233
370
271
114
298
355
439
879
599
710
433
533
831
730
799
189
915
156
719
459
528
474
309
555
66
74
606
327
966
959
970
86
399
300
831
453
969
587
987
118
186
248
948
380
188
637
125
556
371
18
42
872
346
686
115
231
917
726
960
358
571
956
634
168
312
514
712
831
539
180
583
959
67
982
901
524
332
838
706
610
248
3
320
864
231
857
763
556
379
146
95
510
874
124
794
733
278
179
1
510
465
414
213
878
634
379
829
844
987
571
727
465
397
616
937
911
607
51
358
930
304
438
356
729
703
166
54
110
94
624
92
895
227
633
640
39
237
935
490
578
318
264
131
524
243
30
797
87
385
917
640
156
868
777
302
802
72
29
406
666
773
415
677
499
828
348
674
787
476
313
409
350
989
705
449
34
629
282
435
145
598
918
366
56
973
661
372
508
375
192
188
479
510
671
974
150
548
592
683
392
725
728
676
445
480
450
879
893
907
717
376
859
273
805
957
347
911
427
819
18
817
208
290
279
904
640
218
460
944
517
365
43
918
577
993
332
647
496
615
702
288
688
747
603
557
345
391
751
269
3
870
545
111
493
604
618
425
515
393
530
96
251
760
90
583
323
974
440
539
188
424
76
434
501
137
199
94
303
340
367
83
924
160
239
407
364
732
308
137
513
220
919
117
999
521
536
120
634
689
181
460
389
479
194
302
610
706
991
650
662
564
290
250
583
398
342
490
334
936
100
666
187
390
847
897
396
425
782
335
759
469
225
282
896
436
608
243
63
548
195
989
109
552
476
183
747
294
585
212
648
346
613
420
5
50
667
105
108
147
622
224
169
944
24
9
100
761
301
339
201
299
475
999
755
415
865
717
310
727
835
181
74
413
514
59
168
539
567
442
688
270
481
1
437
349
590
591
904
314
985
6
603
997
786
70
117
26
743
269
307
173
999
703
943
611
954
213
679
375
539
144
674
554
912
387
371
69
510
985
891
173
664
833
279
194
461
718
344
413
364
242
167
375
170
969
440
393
241
454
671
485
590
724
946
455
338
133
401
437
234
473
734
718
438
680
123
318
544
459
695
400
820
686
227
266
30
490
144
396
777
515
970
696
200
985
324
887
47
813
210
779
585
222
862
955
555
20
604
279
380
941
267
496
153
202
488
143
494
790
814
893
237
761
924
467
38
262
424
241
430
846
620
717
546
96
379
100
722
537
713
330
452
313
972
41
729
101
625
89
613
343
437
497
996
904
468
877
921
926
760
655
481
785
722
714
277
724
223
403
655
968
161
183
465
855
763
596
854
810
245
646
724
762
509
118
815
978
450
858
29
135
97
522
536
847
265
872
389
813
587
234
891
197
824
363
688
855
113
584
643
530
395
738
849
234
584
164
768
558
198
679
364
836
49
265
265
694
286
979
475
705
580
403
838
605
441
819
535
730
746
180
134
144
323
843
340
214
55
997
426
226
347
687
463
14
939
351
920
467
997
811
877
200
142
747
85
659
556
788
407
409
607
457
663
373
485
417
787
359
202
634
282
294
904
286
360
195
894
554
824
70
912
672
714
611
212
958
953
757
721
904
775
951
95
772
477
182
806
568
159
720
476
708
440
775
572
178
800
194
205
478
116
696
241
200
157
83
142
655
306
329
936
555
520
429
540
414
604
442
184
974
207
176
45
663
536
597
324
842
696
119
922
316
742
616
516
411
952
156
359
723
603
173
348
498
517
50
929
491
971
831
256
61
116
128
576
216
927
80
220
277
845
621
714
876
702
207
476
998
195
573
285
886
203
57
199
717
475
532
885
71
773
996
400
425
400
433
284
55
116
649
480
980
889
394
963
838
540
237
203
875
355
353
498
538
926
560
19
533
22
734
893
577
89
957
996
502
52
593
216
799
438
809
806
185
525
927
127
276
88
395
505
981
551
93
148
820
851
165
73
965
41
526
778
428
753
768
938
494
946
198
792
196
984
363
952
350
972
507
332
426
459
73
549
324
74
544
624
952
379
610
60
342
261
921
433
928
468
419
389
539
486
607
597
582
788
879
546
889
675
463
232
697
292
401
747
280
164
412
466
812
534
477
56
160
88
444
798
410
180
999
790
138
502
894
420
583
253
413
161
158
274
676
107
943
242
527
885
139
31
432
534
762
518
39
711
194
697
767
85
626
692
99
120
821
403
31
542
69
835
479
638
692
812
325
221
975
726
150
511
907
132
675
418
731
523
352
698
860
366
575
255
390
531
471
406
79
577
329
280
357
971
266
654
689
200
885
417
333
914
301
570
350
695
113
107
540
778
607
404
822
65
700
749
470
71
934
478
529
35
126
775
670
263
111
546
746
926
387
976
297
974
377
283
292
493
434
904
485
862
717
883
855
290
493
462
728
897
532
983
340
317
724
30
833
904
213
380
844
17
910
716
159
563
422
282
165
869
105
587
163
256
162
47
956
153
451
975
510
425
944
638
906
638
583
205
236
362
612
276
582
253
336
346
733
573
661
999
807
9
684
829
555
147
92
113
700
717
92
25
293
771
134
743
769
286
750
151
30
310
399
974
666
627
353
69
128
122
279
293
506
467
383
860
351
489
661
302
855
585
83
242
573
865
267
939
790
275
557
205
589
809
193
662
642
60
699
432
763
797
456
337
303
942
885
382
529
305
630
783
240
734
613
119
5
826
860
214
576
244
553
228
207
732
856
40
879
357
673
431
629
150
649
752
536
297
405
738
189
242
206
871
835
602
24
243
799
572
191
168
146
601
696
895
56
452
465
646
809
425
876
863
812
437
122
989
639
839
2
321
626
379
141
469
145
429
680
770
357
697
957
514
860
931
790
235
389
767
532
426
410
733
218
928
256
613
731
966
193
841
147
242
665
281
74
771
805
841
99
158
169
580
181
842
592
638
173
422
994
87
473
557
941
21
168
83
781
579
955
948
216
315
532
248
235
307
127
204
444
684
326
138
951
762
367
627
147
850
658
813
900
857
328
514
928
266
255
143
347
668
177
682
719
38
135
881
201
161
750
622
794
117
560
945
39
558
912
486
938
562
718
241
327
244
728
395
399
892
817
631
576
392
220
784
501
828
535
897
441
703
813
761
51
946
29
796
29
925
758
690
911
43
928
553
896
63
119
492
370
232
2
388
512
437
123
368
194
64
473
931
179
2
954
923
484
209
118
615
669
587
303
917
712
480
648
399
76
963
232
111
580
240
25
418
642
903
180
933
567
466
667
411
559
641
175
935
298
15
741
13
2
394
556
270
114
879
970
274
895
851
797
644
476
453
659
995
162
797
219
494
66
114
876
722
478
274
679
336
741
632
972
514
756
947
545
525
691
214
898
810
888
580
519
889
448
203
996
13
492
780
133
969
619
727
212
625
663
432
976
826
467
822
917
34
984
464
975
648
735
827
792
311
306
872
294
624
317
78
439
591
45
156
663
812
679
183
702
915
2
578
216
965
147
427
844
607
962
896
133
551
436
79
53
545
568
505
679
426
66
635
961
923
240
117
434
894
526
297
108
345
121
410
793
115
324
211
553
364
322
299
48
99
298
246
65
788
965
742
614
743
830
362
600
382
773
236
230
640
811
845
983
784
213
423
187
640
530
939
7
758
450
449
896
373
819
670
380
107
614
7
390
214
126
891
212
872
131
210
534
411
355
837
987
634
120
709
54
350
642
721
208
44
125
712
660
174
408
159
159
906
663
823
869
245
344
454
474
432
357
853
305
141
199
41
453
498
660
14
578
197
496
596
319
7
412
162
34
786
559
636
859
713
743
989
953
823
479
605
132
86
71
340
10
214
899
758
197
88
205
46
61
224
743
367
44
937
801
947
580
980
278
39
171
220
676
9
306
593
117
172
503
948
733
700
910
605
74
850
584
400
513
28
769
758
962
693
252
859
602
911
140
279
749
468
212
576
424
775
320
177
671
475
226
572
163
556
590
260
207
7
840
120
804
505
27
860
20
420
852
9
582
460
489
462
262
588
958
923
300
500
340
746
864
785
264
556
301
125
742
731
690
279
615
294
93
397
565
15
683
173
923
561
864
678
241
323
387
276
937
188
412
891
127
841
469
39
153
397
232
454
195
59
122
846
799
241
763
311
109
88
473
190
85
606
60
700
11
683
389
520
165
124
379
588
584
445
289
797
506
589
448
918
200
908
857
42
583
719
402
89
229
509
785
408
128
380
668
326
820
647
911
570
338
599
276
840
722
301
395
460
759
976
363
959
960
948
804
633
773
340
874
620
432
729
240
804
887
740
713
891
750
110
890
338
263
135
841
438
882
489
613
727
177
360
84
86
415
492
471
338
354
234
656
890
509
911
301
979
370
891
638
383
