1000
443
403
744
507
741
331
375
236
921
737
483
658
898
23
178
897
719
307
861
901
382
621
804
86
793
853
262
334
287
768
518
806
118
526
460
862
932
926
455
485
281
272
527
8
876
116
108
604
419
374
900
963
539
244
745
805
563
105
709
413
601
143
6
136
700
725
775
933
622
651
194
347
134
301
876
975
589
338
0
396
943
58
185
741
312
732
674
568
617
240
992
468
871
124
901
881
175
709
102
928
557
325
872
678
353
751
521
154
993
949
316
566
642
803
333
698
380
84
489
123
286
90
873
942
53
446
384
13
517
380
586
257
803
356
650
444
624
343
207
41
636
154
992
106
649
218
126
915
930
876
41
15
793
785
77
626
166
312
960
916
841
840
533
431
686
778
275
157
170
667
421
998
163
210
702
195
164
214
57
119
723
421
965
139
101
954
408
755
917
619
854
1
813
650
74
209
979
537
38
550
713
500
622
463
63
775
379
947
985
381
132
954
403
188
756
552
1
166
104
335
577
438
646
581
306
340
99
0
337
40
973
512
704
379
731
410
672
512
977
400
287
627
912
504
61
463
102
518
465
631
452
737
109
737
168
983
309
167
418
511
993
936
315
265
781
422
864
65
422
942
488
762
659
61
815
75
53
271
459
825
233
144
643
532
543
365
642
917
83
125
193
648
690
161
201
797
501
401
317
865
347
545
213
903
386
126
665
211
59
533
885
333
665
280
888
577
601
274
74
99
565
202
607
665
871
227
626
544
298
58
804
671
827
116
274
98
976
982
486
972
396
486
114
783
830
845
775
352
572
998
895
113
33
889
788
559
122
763
648
315
712
682
940
231
593
361
384
21
949
141
550
460
585
347
889
852
853
566
879
548
444
381
852
533
6
939
979
727
852
302
839
480
853
928
976
887
980
757
858
989
864
350
678
589
163
227
538
457
511
43
625
903
272
558
150
289
403
378
965
861
239
325
991
395
124
889
788
545
423
649
888
449
603
728
788
114
745
298
807
314
74
941
396
290
808
174
842
287
953
761
744
96
416
548
72
86
189
414
106
878
210
607
52
733
905
143
688
903
340
204
935
742
404
439
894
52
378
871
474
276
850
681
448
413
908
462
425
177
193
685
6
797
485
24
86
37
145
853
128
463
912
734
985
717
297
925
750
591
6
9
975
967
660
530
519
287
321
127
229
74
231
34
641
154
497
971
896
677
370
385
98
710
195
727
424
179
79
942
386
203
791
645
797
400
479
504
132
586
282
207
195
392
70
15
228
710
100
301
828
574
577
671
373
1
757
245
950
590
449
387
125
167
531
764
309
563
339
865
862
721
629
263
528
639
118
727
284
347
507
997
183
999
249
431
314
401
310
982
573
736
577
953
546
79
602
751
436
260
868
451
616
43
842
292
125
143
641
383
109
523
287
780
986
569
134
807
913
211
279
937
942
785
446
829
105
444
82
124
553
229
195
430
797
497
740
518
34
237
237
133
524
995
621
958
997
485
280
246
92
743
611
318
927
590
446
644
985
505
128
507
627
512
106
312
734
518
416
431
152
686
550
135
855
770
799
529
985
32
315
637
253
343
841
719
447
248
221
664
212
339
600
860
605
68
454
208
350
181
424
77
188
370
248
875
167
323
971
534
239
314
982
691
72
666
402
524
545
904
763
239
14
187
940
957
60
647
817
337
87
601
220
599
856
213
235
739
752
60
150
660
337
255
917
574
551
199
195
581
725
807
758
498
432
44
295
110
79
906
400
787
79
583
849
25
341
363
123
838
865
25
463
92
161
837
687
796
310
38
395
111
524
615
176
296
176
494
896
152
408
776
197
522
572
519
885
312
992
629
956
71
704
865
651
614
166
595
65
342
142
910
519
877
345
952
123
412
745
801
681
659
839
83
398
641
604
540
616
632
284
150
172
454
652
42
818
967
895
359
569
52
806
449
740
596
536
211
928
991
776
240
173
433
856
410
43
887
917
914
488
914
18
338
830
689
757
293
437
444
746
251
241
261
75
720
445
606
715
614
495
244
662
689
604
224
525
225
933
407
140
696
788
633
778
50
75
981
471
346
595
747
988
923
678
681
37
993
57
780
355
513
891
393
411
463
295
712
636
239
785
759
206
627
585
852
632
24
859
118
635
875
501
89
28
51
318
531
640
768
90
691
609
948
196
867
753
404
277
731
94
32
638
173
28
285
920
509
89
554
913
784
710
720
228
548
929
84
969
925
491
48
469
30
392
454
596
750
505
211
170
751
558
915
514
55
419
480
241
960
299
427
