5000
964
134
268
344
723
664
173
229
593
506
902
866
89
265
707
114
725
475
177
37
307
600
340
55
323
752
266
910
95
767
514
100
204
616
725
543
52
300
682
700
335
327
192
56
630
561
225
866
265
771
836
318
114
446
538
835
19
557
954
54
62
741
784
131
13
40
327
414
904
736
82
207
811
984
231
282
624
946
117
59
786
859
215
862
729
23
433
479
10
970
37
326
949
226
916
860
927
900
382
563
340
27
220
704
635
5
238
308
761
719
129
257
843
902
72
187
887
107
130
918
813
202
165
472
224
646
680
340
856
949
751
567
795
605
929
377
204
480
832
524
458
123
913
296
322
694
802
108
37
247
449
906
963
941
249
221
707
291
256
518
557
13
578
688
329
128
50
892
730
944
327
721
674
257
607
591
30
612
296
573
725
740
63
392
167
356
891
181
508
358
945
663
352
68
281
830
129
587
691
883
520
512
280
115
966
238
662
688
544
813
55
749
215
857
897
133
718
355
54
995
215
241
120
52
97
561
781
759
256
657
751
700
511
267
291
622
810
621
924
74
306
675
544
361
367
325
763
568
142
98
986
734
330
71
429
893
404
977
991
557
652
298
680
400
51
884
48
381
162
62
959
228
965
497
809
279
766
52
256
933
116
752
391
547
964
506
253
514
108
665
554
337
385
609
500
989
931
523
627
529
270
231
635
930
972
445
331
353
91
104
892
628
617
502
853
566
769
772
406
789
989
907
820
209
155
929
71
918
668
960
39
227
737
980
953
818
428
748
143
499
747
932
502
840
333
809
510
49
130
950
91
816
740
241
90
483
41
193
607
823
36
968
28
931
838
758
120
188
174
144
185
40
740
854
875
404
322
918
973
783
602
522
106
856
188
30
99
138
505
530
441
520
850
953
118
921
83
274
885
55
140
576
916
291
799
776
643
928
913
618
504
732
600
153
292
504
764
283
746
534
640
121
44
250
997
840
913
71
25
411
111
456
936
139
177
394
759
175
432
156
871
251
435
937
336
738
245
128
220
729
87
369
675
295
291
167
718
203
642
876
331
398
613
8
700
278
296
407
178
323
245
591
797
970
844
665
6
689
265
545
602
139
566
894
721
887
976
86
141
649
960
726
89
214
227
711
192
228
453
640
221
768
111
358
790
246
473
810
234
474
560
951
469
891
501
375
776
837
583
475
63
455
993
428
377
265
147
3
136
718
289
243
783
57
969
327
354
631
907
539
753
410
703
105
361
798
821
805
976
46
295
696
981
450
637
986
72
290
501
71
818
913
766
42
864
716
817
476
553
765
990
195
351
701
333
758
520
177
47
866
91
473
270
501
379
148
107
619
917
528
180
401
930
612
276
627
195
481
98
516
417
632
506
444
54
728
113
333
861
169
534
137
283
496
148
773
251
132
733
41
830
138
917
584
662
691
5
686
115
768
344
753
605
72
95
677
566
591
931
857
187
312
950
564
101
506
827
520
893
689
8
980
475
857
617
378
51
804
539
595
699
407
70
207
307
540
428
656
959
895
352
140
667
361
16
164
736
763
470
120
931
692
888
958
66
920
936
5
574
327
727
254
128
617
909
984
403
112
630
415
608
794
329
207
546
362
487
990
520
501
782
809
601
737
336
310
438
224
108
713
990
553
793
175
323
232
10
890
870
747
955
411
385
281
150
980
123
968
393
344
677
276
516
432
284
522
126
463
356
740
29
579
440
141
692
815
812
182
677
303
440
794
704
922
92
725
648
205
965
15
517
239
325
573
248
427
289
486
882
457
83
182
581
563
787
811
722
167
864
218
260
288
506
749
404
694
152
662
649
634
380
344
139
108
726
655
389
77
885
687
385
722
187
922
211
819
212
287
387
597
861
891
298
964
280
269
225
845
547
839
682
460
135
866
14
767
788
666
453
996
578
942
116
100
612
150
767
245
62
501
503
926
924
778
910
127
200
425
655
13
8
497
928
990
428
891
610
631
815
985
574
877
651
206
51
123
984
295
568
293
939
33
563
774
789
961
436
116
588
216
426
752
451
917
430
581
104
693
596
169
507
829
273
483
941
209
718
532
181
688
739
21
50
808
343
141
935
754
330
929
556
322
682
186
666
208
541
820
129
336
571
621
215
104
471
890
875
337
485
58
141
476
789
401
799
44
765
246
958
680
301
593
162
119
404
906
258
345
631
954
305
741
57
959
436
507
761
982
747
767
115
439
931
786
438
874
631
449
6
616
196
699
702
783
822
933
84
119
832
464
42
569
245
13
728
98
571
881
921
191
256
853
557
702
55
143
700
156
128
663
862
420
610
686
178
689
961
551
645
50
434
396
289
525
588
6
899
356
918
814
682
493
283
755
3
682
22
136
208
293
356
961
351
56
903
157
550
133
928
980
616
588
237
463
518
131
472
147
261
172
931
495
742
651
928
327
176
797
156
328
794
969
455
193
579
990
900
250
962
941
143
454
556
189
482
512
207
581
253
509
865
62
715
816
38
706
790
250
886
76
662
423
322
55
487
983
852
842
176
948
271
556
514
694
724
22
667
209
123
631
472
130
357
831
780
722
258
722
496
413
823
429
937
686
761
425
530
175
30
721
926
560
687
911
89
419
2
370
981
581
522
531
80
585
465
41
40
817
607
779
491
551
606
176
137
600
519
2
22
531
142
815
97
445
667
543
962
99
70
280
997
799
607
207
901
807
734
716
66
212
829
215
63
125
81
815
986
786
19
70
357
674
245
227
759
995
55
967
437
971
829
462
609
225
229
688
359
159
511
307
588
634
467
122
628
459
869
54
845
169
531
826
728
287
535
60
736
857
476
285
427
290
69
437
219
699
846
791
442
756
180
904
239
771
386
85
263
121
164
79
19
388
249
187
224
557
705
755
476
414
973
63
117
845
400
939
180
77
720
48
924
31
648
698
566
881
533
178
486
558
782
83
327
466
618
847
173
873
560
680
184
511
903
446
868
715
416
563
478
26
376
890
836
566
81
692
274
642
959
207
291
981
454
38
909
723
920
581
737
773
872
964
191
433
78
523
376
275
126
662
676
61
307
74
182
154
886
663
729
252
84
202
429
497
382
718
296
941
95
800
756
138
494
586
585
132
154
951
79
458
621
503
98
835
924
368
914
125
952
374
709
787
211
162
939
492
28
977
718
779
827
358
847
639
720
710
84
706
275
819
813
265
998
658
271
679
762
477
146
916
129
37
404
799
297
45
931
269
168
273
671
437
867
608
740
435
892
272
166
124
962
766
721
519
536
661
614
392
935
227
627
894
968
25
670
170
965
15
619
927
188
438
728
575
617
707
884
118
266
821
438
208
260
353
409
879
115
903
372
284
841
995
463
423
706
831
527
215
777
933
603
496
631
708
605
474
957
171
281
907
118
599
269
855
122
678
354
94
890
781
808
461
110
387
80
192
498
282
910
34
741
100
401
325
996
994
473
451
324
682
588
100
104
884
663
517
58
242
559
518
216
100
642
370
818
175
450
779
905
3
671
114
88
250
231
708
786
408
520
527
42
143
459
763
875
575
383
931
22
74
466
860
819
723
736
584
932
470
558
478
631
125
832
185
282
796
44
776
805
36
769
341
898
982
140
684
931
25
331
92
554
93
104
202
216
467
36
846
19
157
123
367
504
249
80
316
287
319
803
624
704
964
136
312
977
713
314
563
739
136
172
484
172
728
506
251
395
254
758
358
199
577
563
630
714
658
525
274
87
314
20
699
785
551
747
60
735
734
194
461
84
688
210
557
18
789
359
853
732
511
829
322
348
453
224
130
299
777
697
122
450
182
538
433
42
953
501
64
333
389
871
496
688
930
512
452
740
579
915
745
163
820
574
725
555
74
842
228
878
889
797
75
945
474
557
125
463
902
883
583
213
271
906
790
66
417
288
981
643
268
147
572
614
814
653
387
823
725
262
855
639
91
199
601
209
383
924
77
575
722
27
817
927
778
176
665
636
95
515
855
76
509
157
139
665
331
252
245
23
369
417
834
570
514
200
771
462
487
659
977
244
613
30
326
218
917
968
88
82
639
812
160
73
306
831
925
481
810
520
895
102
574
535
450
953
774
24
868
277
745
743
531
725
168
515
689
349
364
324
367
961
41
567
85
250
132
750
837
977
943
260
381
533
697
620
273
87
696
68
231
595
738
145
352
953
150
447
427
679
765
637
100
566
445
313
898
937
297
343
222
248
572
861
238
21
314
165
228
286
266
407
366
987
160
106
86
98
518
191
161
497
296
493
371
37
234
354
178
580
568
297
125
237
839
496
779
457
900
123
916
105
849
542
292
181
565
674
803
357
698
833
30
97
463
768
192
717
369
641
288
375
34
215
798
659
588
551
637
120
758
130
187
829
647
406
148
817
360
482
626
8
111
736
358
109
163
971
204
767
972
897
103
164
228
520
457
177
10
322
552
135
205
968
960
209
414
607
42
472
44
784
618
701
946
359
564
78
987
843
623
24
170
996
992
574
491
613
294
819
545
946
416
174
996
293
294
447
417
938
158
922
706
732
914
13
183
317
331
291
778
194
431
112
172
583
39
410
593
285
733
655
33
594
558
413
10
598
710
428
647
120
102
662
764
914
105
240
868
695
21
861
433
6
830
803
616
957
525
298
603
367
941
721
110
908
286
731
177
436
761
213
281
808
511
669
964
135
871
447
640
616
338
51
960
771
932
625
147
192
656
571
0
641
583
187
859
691
680
169
663
890
858
764
395
840
902
421
615
445
867
766
502
46
245
855
788
90
710
726
261
515
536
418
49
999
837
784
710
842
627
632
294
290
333
940
924
739
775
164
90
427
856
945
848
865
127
828
314
517
191
980
389
933
400
270
416
846
646
476
587
550
114
846
244
186
768
723
878
464
968
426
565
723
91
144
734
178
207
164
717
652
901
352
231
106
86
446
34
760
231
379
313
725
767
555
959
564
561
710
799
408
254
786
11
824
951
983
408
876
213
25
11
488
568
504
349
474
769
39
226
400
851
942
252
694
643
983
344
322
753
846
474
653
201
890
441
94
823
840
78
455
288
122
346
2
61
658
0
636
933
62
67
659
806
362
214
135
266
535
188
981
93
408
902
470
267
717
402
59
238
401
941
72
163
541
572
4
590
706
223
972
600
841
8
75
701
261
600
267
922
749
850
662
362
242
497
67
158
96
715
936
253
455
456
866
562
825
36
232
152
571
176
521
809
651
743
490
954
606
808
287
195
502
184
303
946
249
558
595
429
474
472
413
84
941
867
517
876
300
647
691
225
814
724
106
344
611
323
950
552
885
874
61
759
467
723
129
655
118
976
395
334
928
278
687
994
251
981
59
73
657
172
254
719
500
277
711
707
827
527
869
64
529
379
59
417
812
112
370
794
314
200
499
934
438
743
742
420
773
188
949
865
781
799
503
166
301
874
105
353
780
484
435
895
583
593
549
394
156
782
234
486
310
443
385
442
399
228
881
364
689
739
371
122
828
938
825
172
864
520
723
158
971
534
265
800
630
878
28
871
773
887
124
244
77
150
972
835
389
834
512
22
28
268
810
538
555
281
757
110
417
776
785
157
810
351
312
637
966
333
918
783
50
481
109
789
815
708
876
696
186
648
175
669
958
568
858
543
900
104
581
69
629
594
677
513
759
308
26
381
19
701
498
851
184
951
643
123
941
404
910
326
34
236
829
793
334
614
280
476
811
822
166
46
722
403
574
749
723
99
757
382
23
510
97
879
140
696
538
851
323
642
833
90
161
386
382
480
501
839
328
988
322
801
67
396
831
446
319
224
693
605
415
868
943
478
532
288
858
57
176
753
765
405
350
23
542
101
472
46
338
658
304
720
888
405
867
526
616
371
547
862
635
11
377
712
646
159
792
910
700
501
988
602
745
962
370
682
919
841
502
920
555
241
372
206
958
308
771
845
118
62
61
128
634
176
641
436
325
846
984
29
160
48
167
238
396
834
497
246
68
17
920
782
244
540
626
48
809
48
454
956
872
729
457
255
284
250
239
471
170
717
514
666
817
953
641
889
748
5
790
873
314
737
753
940
675
559
396
324
621
831
152
103
269
246
3
723
331
544
888
665
291
237
530
123
536
639
292
741
204
385
757
298
295
794
388
972
344
884
819
258
810
588
8
869
164
734
764
989
564
646
902
42
895
805
610
773
925
872
425
761
284
517
610
689
985
912
604
602
271
453
649
131
603
282
670
124
737
403
975
456
955
791
347
813
702
655
699
98
41
198
488
767
606
547
766
747
954
240
856
841
546
585
319
449
871
460
131
214
602
635
669
712
53
476
449
631
623
5
299
982
338
619
43
751
123
429
597
62
891
94
804
363
133
247
259
356
206
64
825
417
170
321
556
999
626
332
249
103
683
457
905
245
877
528
984
446
605
389
428
711
364
949
99
146
908
588
453
302
248
480
973
632
259
452
144
941
550
242
515
547
189
647
698
443
776
885
8
153
382
638
793
114
842
685
412
351
967
703
259
952
272
850
178
326
951
950
118
529
951
704
894
3
159
140
477
897
917
649
334
809
318
335
936
133
958
76
721
459
167
667
469
360
6
624
267
736
707
760
964
340
599
456
322
486
989
586
854
992
900
463
672
308
58
794
555
431
28
539
835
652
926
804
624
376
718
365
390
308
723
185
846
18
548
341
682
504
382
113
689
711
242
577
445
74
504
951
812
68
816
121
184
448
272
212
575
314
545
810
360
399
544
470
735
2
26
423
709
808
515
984
779
430
841
36
257
883
559
74
578
355
553
747
849
585
139
537
298
868
65
168
250
219
923
645
777
503
581
358
147
406
466
488
797
951
669
106
613
928
102
723
935
959
199
711
843
157
915
2
959
277
137
681
240
29
929
607
930
732
467
14
161
820
884
94
478
801
734
957
888
151
234
967
930
255
964
418
641
991
243
674
225
737
969
429
707
590
313
459
828
376
292
334
988
595
915
852
63
766
282
591
549
804
756
841
572
924
73
379
970
289
63
995
830
71
455
385
573
853
111
96
917
328
902
457
846
58
370
38
981
681
248
27
622
276
906
58
84
813
783
456
832
506
915
552
385
639
751
718
899
913
511
42
826
661
530
88
95
328
154
57
791
474
966
727
414
164
349
975
407
31
648
349
792
486
486
103
444
506
104
355
730
198
959
538
993
859
182
112
639
570
933
590
371
452
116
280
481
591
403
802
948
307
39
346
511
848
405
852
819
857
932
779
189
920
522
878
543
294
283
466
587
511
63
994
356
842
935
330
850
782
535
63
579
586
906
311
522
613
292
975
138
662
152
92
821
770
496
996
412
951
565
254
158
192
756
954
825
585
667
761
484
880
88
311
894
887
798
932
269
95
60
388
665
588
761
315
191
864
269
303
724
409
210
118
840
983
508
379
238
369
268
122
7
22
270
87
705
406
130
210
385
33
457
780
358
170
662
946
725
939
430
774
417
66
243
855
795
835
770
553
632
924
359
312
673
659
390
134
795
863
696
203
225
971
866
880
187
218
747
767
806
801
127
284
120
617
172
284
518
794
870
532
50
563
434
508
582
124
341
858
919
110
440
20
652
896
355
986
693
491
223
897
121
19
683
198
275
782
879
365
744
760
188
800
235
966
308
348
153
458
337
38
52
980
469
66
64
119
970
738
806
605
191
99
250
872
450
202
518
284
763
568
605
491
577
159
569
226
826
359
842
479
899
793
895
392
321
531
676
414
290
143
905
202
480
335
519
547
924
398
303
76
130
491
36
867
36
887
258
139
818
640
115
103
88
788
624
702
483
136
59
392
216
847
134
363
718
574
86
582
103
632
775
818
839
726
436
395
635
132
772
737
297
792
662
916
992
701
887
306
155
126
915
145
28
662
962
274
668
845
292
566
100
89
901
605
187
981
570
969
686
564
535
87
918
99
872
996
460
931
63
494
268
512
112
125
676
340
2
141
804
541
255
83
998
124
843
945
55
445
729
882
164
273
862
326
681
956
550
981
91
561
755
548
751
566
967
277
329
598
67
353
141
982
709
908
968
353
586
987
299
406
140
78
383
920
146
952
886
553
889
394
464
572
544
100
47
560
779
425
178
390
492
902
314
212
108
455
620
986
809
995
391
123
616
668
920
133
302
364
335
805
685
215
628
303
994
733
880
766
605
903
476
432
689
42
905
59
963
472
624
418
19
82
309
938
472
684
781
162
446
652
787
532
814
697
833
164
896
831
270
693
303
443
842
980
969
209
27
443
439
987
560
64
920
179
683
651
673
89
834
773
845
637
662
888
943
443
521
594
773
683
801
584
802
306
805
850
598
183
147
925
202
506
36
443
41
273
183
133
250
37
471
400
95
162
998
45
508
722
556
279
631
837
140
155
645
665
607
694
114
504
170
519
511
457
45
521
614
873
160
195
951
379
541
546
567
631
649
122
930
47
711
611
959
701
798
593
765
240
243
526
891
138
767
744
564
890
576
294
698
748
542
711
152
427
513
428
91
800
744
367
81
988
405
399
980
397
151
798
518
184
766
493
950
389
951
932
93
418
473
625
555
898
970
978
12
956
909
880
896
814
391
582
13
251
687
831
153
859
706
871
967
213
831
902
27
68
910
781
206
416
549
331
278
783
193
341
879
468
969
502
800
502
628
814
917
996
471
688
920
192
615
867
413
990
494
494
880
906
86
164
487
471
941
521
664
802
711
57
952
699
576
56
645
914
629
275
352
406
23
806
716
272
445
777
177
763
260
970
858
219
499
181
334
70
725
184
341
19
661
417
184
377
430
122
989
110
159
529
709
511
694
783
208
596
193
780
634
243
380
760
711
822
334
467
562
555
775
23
145
141
965
110
441
233
472
991
42
203
277
922
932
261
907
946
806
387
552
733
492
744
402
53
658
198
762
749
238
312
872
541
746
745
718
843
907
255
554
818
857
647
289
261
489
844
391
564
409
947
429
910
328
561
962
70
693
906
25
646
784
223
66
383
523
758
830
212
747
206
361
20
763
777
955
746
591
257
670
304
407
258
709
5
368
607
839
587
156
256
765
732
317
357
285
919
689
182
918
815
6
371
589
926
62
601
941
148
661
131
792
947
932
836
277
364
518
296
251
711
543
214
597
837
248
923
197
83
671
71
448
622
773
575
363
675
961
838
521
244
55
798
320
350
359
831
278
487
650
678
399
902
569
573
945
602
119
459
319
457
729
760
125
596
584
438
912
369
760
208
537
494
30
616
566
656
57
383
639
765
132
820
269
251
481
366
119
291
707
284
377
611
841
344
536
558
83
885
491
469
298
973
599
975
965
537
75
759
390
222
831
479
607
443
680
1
627
533
640
837
363
190
918
688
822
403
44
305
926
902
555
444
630
729
538
556
833
931
360
10
969
523
889
36
33
802
578
325
261
833
828
156
607
391
169
242
700
979
923
982
939
548
180
674
977
440
114
337
915
656
889
187
149
3
677
470
958
825
587
345
612
10
620
698
976
719
148
324
349
806
756
694
526
214
739
595
906
735
966
322
774
379
320
700
786
282
408
178
56
492
808
413
197
212
660
255
115
71
25
821
356
788
73
381
326
129
819
105
774
443
820
353
475
148
986
57
233
479
403
919
908
471
862
631
384
648
618
16
125
101
730
40
152
722
245
930
121
121
403
203
411
387
941
292
51
214
631
574
595
65
115
53
33
2
194
626
203
511
779
871
153
172
815
545
390
281
624
548
989
623
282
900
66
420
836
447
228
99
394
337
225
970
393
36
175
28
614
576
415
139
862
969
242
548
565
248
564
237
933
376
719
938
738
360
587
717
210
260
389
922
45
415
479
930
999
163
828
584
103
482
817
431
109
524
425
844
358
741
890
943
913
362
460
739
459
303
867
317
170
229
799
967
471
322
716
93
371
562
25
427
851
695
817
511
606
867
64
719
274
886
434
56
208
373
634
836
716
655
525
909
679
95
72
504
411
727
550
873
646
436
367
918
566
689
236
644
867
756
453
824
956
650
482
519
512
570
90
179
786
443
853
876
258
272
889
863
440
416
347
46
923
554
303
162
12
86
378
402
660
929
656
997
722
193
169
783
956
21
515
120
622
951
998
582
943
525
971
753
208
508
981
109
778
0
667
385
812
929
343
77
91
911
607
710
922
207
356
291
755
571
85
921
779
114
401
912
488
901
300
836
919
913
832
882
34
161
459
574
496
208
589
347
925
68
448
768
551
496
755
200
94
960
378
512
586
171
490
67
820
913
582
542
75
42
36
355
775
972
874
356
796
635
745
191
174
915
132
250
111
822
305
362
274
192
528
501
566
562
613
597
740
965
974
150
452
775
990
798
616
410
588
133
196
665
677
55
919
670
262
710
715
986
797
550
100
151
636
431
113
77
230
694
880
41
49
100
344
670
100
107
215
235
287
467
730
775
799
266
395
60
187
619
455
165
750
936
526
472
421
291
412
259
351
736
906
626
18
569
41
422
783
412
42
985
452
713
29
984
638
694
313
376
348
65
7
502
542
820
544
657
133
273
614
49
222
70
975
893
201
293
569
578
715
925
397
218
391
903
618
632
645
675
448
782
869
699
492
940
776
603
327
445
707
783
258
689
268
57
433
133
741
635
676
501
338
45
674
7
519
881
466
400
263
169
459
864
409
928
590
312
917
19
620
427
172
696
941
870
276
360
775
434
580
909
61
577
605
710
880
681
892
682
783
588
237
176
975
444
249
365
897
674
158
613
381
919
307
869
245
131
839
484
845
611
677
950
868
679
986
1
398
819
989
173
66
635
176
404
922
628
641
523
533
894
556
463
675
74
548
897
910
507
40
567
293
391
476
937
414
880
713
992
9
494
745
930
401
899
373
182
100
117
400
762
11
491
398
163
814
256
148
124
254
432
392
422
278
837
626
460
179
415
288
854
153
765
829
377
6
677
860
626
14
761
754
487
337
718
835
50
746
655
580
898
844
887
28
820
422
35
953
847
39
890
227
206
448
419
183
167
31
483
729
51
953
363
431
589
379
900
752
677
702
157
198
85
426
798
139
38
14
21
678
732
753
748
68
720
460
968
799
816
609
569
691
641
320
737
11
149
469
25
898
548
83
459
141
823
93
686
659
645
464
963
887
876
697
977
617
972
712
889
755
588
147
699
890
361
209
13
516
377
273
573
261
88
605
441
492
533
706
568
207
543
6
591
249
239
850
74
448
545
958
119
492
626
881
179
967
122
234
191
256
814
893
610
694
874
688
781
687
179
571
105
277
256
657
878
989
303
28
258
659
382
696
794
351
341
669
126
376
197
613
950
926
775
231
124
788
115
98
825
169
775
362
1
672
472
415
972
106
639
372
929
871
387
933
250
